11111111111111  11111111111111
1               1            1
1               1            1
1               1            1
1               1            1
1               1            1
1     11111111111_____1      1
1     1               1      1
1     1               1      1
      1               1       
      1               1       
1_____1               1      1
1     1               1      1
1     1               1      1
1     11111111111111111      1
1                            1
1                            1
1                            1
1                            1
11111111111111  11111111111111